1 2319
1 2629
1 1938
1 1657
1 1752
1 1519
1 1827
1 3127
1 1544
1 1523
2 2434
2 2863
2 3078
2 597
2 847
2 1183
2 1867
2 1014
2 492
2 1305
3 929
3 1304
3 77
3 51
3 3150
3 2705
3 1007
3 1723
3 70
3 2682
4 2939
4 3043
4 3073
4 2376
4 2342
4 2844
4 2519
4 2742
4 1829
4 1099
5 1742
5 2534
5 2522
5 1053
5 3030
5 251
5 2820
5 2379
5 1188
5 1392
6 2826
6 1543
6 438
6 2828
6 2230
6 1088
6 2078
6 1001
6 2721
6 242
7 3043
7 270
7 2306
7 1873
7 1122
7 1353
7 3140
7 804
7 1551
7 1342
8 2625
8 615
8 492
8 1869
8 2860
8 2830
8 1462
8 2840
8 2858
8 332
9 3068
9 2198
9 2849
9 2372
9 1462
9 2840
9 1461
9 1032
9 2578
9 3137
10 1795
10 3150
10 2714
10 141
10 2685
10 2705
10 1469
10 1138
10 1485
10 1470
11 2956
11 2923
11 3148
11 2815
11 2699
11 2906
11 2527
11 3150
11 2717
11 1043
12 3127
12 1462
12 2840
12 2867
12 3068
12 1461
12 2198
12 2319
12 1930
12 2246
13 1947
13 195
13 1231
13 2491
13 1807
13 1997
13 2078
13 2835
13 2645
13 164
14 3132
14 2263
14 2957
14 2227
14 307
14 853
14 2146
14 1066
14 841
14 862
15 1231
15 3125
15 2835
15 1947
15 1807
15 2611
15 2344
15 2464
15 820
15 2685
16 2740
16 1462
16 2840
16 1461
16 1210
16 2198
16 2378
16 2867
16 1959
16 3068
17 1947
17 2491
17 195
17 1231
17 2748
17 1757
17 1807
17 1486
17 2835
17 1168
18 2714
18 1811
18 2897
18 195
18 249
18 3110
18 1795
18 1463
18 2266
18 303
19 3075
19 2714
19 141
19 2685
19 2306
19 1873
19 1122
19 1158
19 2342
19 2851
20 2490
20 2986
20 3176
20 1504
20 2506
20 2442
20 2780
20 1787
20 2081
20 956
21 1650
21 2435
21 2932
21 2454
21 2702
21 2337
21 3007
21 1997
21 2081
21 2645
22 1915
22 2924
22 2637
22 2638
22 2441
22 2564
22 2473
22 2369
22 2384
22 2211
23 3148
23 2313
23 849
23 2709
23 627
23 2155
23 793
23 2594
23 2032
23 1105
24 2376
24 3073
24 3043
24 1235
24 268
24 20
24 412
24 2342
24 2844
24 1753
25 2318
25 3136
25 1653
25 436
25 2198
25 1341
25 3048
25 2344
25 3089
25 3078
26 1462
26 2840
26 2939
26 3068
26 1461
26 2198
26 2867
26 2578
26 2821
26 1247
27 2988
27 1462
27 2840
27 3068
27 1461
27 2198
27 2867
27 1959
27 1752
27 2798
28 2849
28 2890
28 2949
28 757
28 828
28 1890
28 517
28 3158
28 2614
28 1989
29 2089
29 2462
29 1537
29 1538
29 1840
29 2770
29 1841
29 294
29 197
29 2087
30 2198
30 2955
30 2631
30 1012
30 2684
30 1462
30 1341
30 1781
30 2840
30 2690
31 3015
31 533
31 2415
31 195
31 1424
31 1796
31 1952
31 1383
31 1660
31 1106
32 2490
32 3139
32 2177
32 1504
32 2619
32 2461
32 1961
32 2161
32 2172
32 1481
33 1782
33 2805
33 1809
33 1104
33 2605
33 441
33 758
33 1692
33 1529
33 1662
36 2110
36 2030
36 1265
36 1131
36 1350
36 2476
36 1768
36 1737
36 2084
36 2811
37 2265
37 2651
37 2376
37 1143
37 2341
37 2937
37 676
37 990
37 2958
37 3031
38 2958
38 3031
38 2651
38 2956
38 1143
38 2341
38 2937
38 24
38 583
38 1324
39 2425
39 724
39 3185
39 2956
39 2180
39 2958
39 3031
39 990
39 3150
39 2705
40 1142
40 2956
40 3150
40 1641
40 2651
40 2705
40 990
40 627
40 793
40 1469
42 462
42 2215
42 2318
42 204
42 1653
42 2402
42 2370
42 436
42 633
42 1030
43 2569
43 3107
43 1891
43 633
43 1554
43 462
43 847
43 464
43 1260
43 2372
44 2829
44 464
44 525
44 2494
44 3078
44 2719
44 2310
44 2871
44 492
44 931
45 2318
45 2816
45 2319
45 3137
45 3012
45 2424
45 379
45 2452
45 1827
45 1938
48 3064
48 2325
48 2226
48 1658
48 1205
48 1171
48 3136
48 2306
48 1873
48 1122
49 1032
49 2198
49 651
49 1959
49 239
49 652
49 2955
49 3137
49 2372
49 2407
57 3077
57 3140
57 2700
57 1106
57 1137
57 3008
57 1007
57 2113
57 196
57 2607
58 1344
58 2634
58 1474
58 69
58 1252
58 1619
58 382
58 2825
58 1698
58 50
59 1681
59 1888
59 292
59 28
59 1359
59 1441
59 653
59 1457
59 137
59 3015
60 2198
60 2967
60 2593
60 1532
60 2876
60 2882
60 3087
60 2716
60 618
60 2957
61 2711
61 634
61 1927
61 2307
61 1457
61 1236
61 239
61 1287
61 2746
61 1830
62 2932
62 2327
62 2702
62 2337
62 3007
62 1368
62 1420
62 2076
62 2714
62 2685
63 3075
63 3061
63 1795
63 2714
63 141
63 2685
63 2306
63 1873
63 1122
63 1158
64 2651
64 1588
64 527
64 228
64 731
64 627
64 793
64 1051
64 1193
64 812
