1 1938
1 2629
1 1752
1 1519
1 1657
1 1827
1 3127
1 2219
1 1544
1 1523
2 2434
2 597
2 2863
2 3078
2 1867
2 1046
2 1014
2 492
2 435
2 397
3 1304
3 929
3 1988
3 77
3 51
3 1007
3 1976
3 3144
3 1723
3 70
4 2939
4 3043
4 2377
4 3128
4 3073
4 2376
4 2844
4 2342
4 2742
4 2519
5 2534
5 2522
5 1053
5 2035
5 1829
5 2820
5 2321
5 2629
5 1742
5 3030
6 2826
6 1543
6 2828
6 2230
6 438
6 1867
6 695
6 1014
6 492
6 2873
7 3043
7 270
7 2912
7 1353
7 3128
7 2376
7 2306
7 1873
7 1122
7 3148
8 2625
8 1869
8 615
8 492
8 2860
8 2830
8 2541
8 2858
8 332
8 3032
9 3068
9 2849
9 2372
9 1462
9 2840
9 1032
9 1461
9 2578
9 3137
9 2867
10 2851
10 1795
10 2705
10 2714
10 141
10 2685
10 3150
10 2603
10 1158
10 2342
11 2699
11 2923
11 2906
11 2956
11 2815
11 2527
11 3148
11 2717
11 3171
11 1923
12 3127
12 1462
12 3068
12 2867
12 1930
12 2246
12 2319
12 2840
12 1461
12 1247
13 1947
13 1231
13 1807
13 1997
13 2835
13 195
13 2078
13 2645
13 164
13 2748
14 3132
14 2263
14 3131
14 2674
14 2819
14 2957
14 2227
14 307
14 853
14 2146
15 1231
15 2835
15 3125
15 1947
15 1807
15 2611
15 2344
15 2464
15 2616
15 2195
16 2740
16 1462
16 2840
16 2378
16 1461
16 243
16 2867
16 1210
16 1959
16 3068
17 1947
17 2491
17 1223
17 1231
17 1757
17 1807
17 2253
17 2835
17 195
17 1486
18 2714
18 1811
18 1988
18 249
18 2897
18 2266
18 3110
18 2138
18 303
18 1795
19 3075
19 2714
19 141
19 2685
19 1158
19 392
19 2342
19 2851
19 1873
19 1122
20 2986
20 2695
20 1563
20 2490
20 2769
20 2524
20 3176
20 1504
20 2630
20 2631
21 2702
21 1650
21 2435
21 2454
21 2325
21 2932
21 2337
21 3007
21 1997
21 2081
22 1915
22 2924
22 2369
22 2751
22 2637
22 2638
22 2441
22 2564
22 2473
22 2384
23 3148
23 2276
23 2578
23 2816
23 3137
23 3043
23 2849
23 2406
23 2313
23 849
24 2376
24 2342
24 3043
24 3073
24 1235
24 268
24 20
24 412
24 2844
24 1753
25 2318
25 1653
25 3136
25 3048
25 436
25 2344
25 3089
25 1938
25 1341
25 2268
26 2939
26 1462
26 2840
26 1461
26 2867
26 2578
26 3068
26 1247
26 2626
26 618
27 2988
27 1462
27 2840
27 1461
27 1752
27 2867
27 1959
27 3068
27 2798
27 2262
28 2849
28 3032
28 2890
28 2949
28 757
28 2776
28 828
28 1890
28 1685
28 517
29 2089
29 2462
29 1537
29 1538
29 1840
29 2770
29 1539
29 1841
29 2644
29 197
30 2198
30 2631
30 1256
30 2955
30 1012
30 2684
30 1462
30 1341
30 1781
30 2690
31 3047
31 3015
31 1686
31 1144
31 2370
31 2283
31 533
31 2826
31 1796
31 1952
32 3139
32 2490
32 2177
32 1961
32 3018
32 2619
32 1504
32 2461
32 2289
32 2630
33 2805
33 1809
33 1501
33 2697
33 1104
33 2605
33 1782
33 2554
33 1662
33 1529
36 2110
36 1265
36 1350
36 2030
36 1131
36 2112
36 2476
36 2061
36 2836
36 2739
37 2265
37 2651
37 1143
37 2341
37 2376
37 2956
37 2937
37 618
37 676
37 243
38 2958
38 3031
38 2651
38 2956
38 2082
38 3103
38 2941
38 1143
38 2341
38 2705
39 2940
39 1861
39 1902
39 2425
39 724
39 3185
39 2956
39 2651
39 2958
39 3031
40 2651
40 2956
40 1641
40 1142
40 990
40 1098
40 2705
40 3150
40 1588
40 2603
42 462
42 2215
42 2402
42 1653
42 204
42 2318
42 2370
42 633
42 2811
42 3048
43 2569
43 3107
43 2754
43 2847
43 3098
43 3046
43 2341
43 3125
43 2455
43 2883
44 2829
44 2523
44 2494
44 1809
44 464
44 525
44 2325
44 3078
44 2812
44 931
45 2816
45 2318
45 2319
45 3012
45 2424
45 1976
45 2957
45 3137
45 2452
45 1271
48 2325
48 1171
48 2968
48 3064
48 1658
48 2310
48 2273
48 1612
48 2904
48 2226
49 1032
49 651
49 1959
49 239
49 652
49 2198
49 3137
49 2372
49 2479
49 3134
57 3077
57 3140
57 1391
57 1905
57 1183
57 2700
57 233
57 2802
57 3191
57 133
58 1344
58 2634
58 1474
58 1252
58 1171
58 1619
58 382
58 69
58 1637
58 1631
59 1681
59 1456
59 1888
59 144
59 1441
59 1359
59 1235
59 1855
59 1665
59 292
60 2593
60 2967
60 3087
60 2876
60 1532
60 2716
60 2198
60 618
60 2882
60 2957
61 2711
61 634
61 1236
61 239
61 1287
61 2451
61 2746
61 1830
61 3134
61 1935
62 2932
62 1961
62 2702
62 2337
62 3007
62 1368
62 1420
62 2076
62 2327
62 2326
63 3075
63 3061
63 1795
63 2714
63 141
63 2685
63 1158
63 392
63 2342
63 2851
64 2651
64 228
64 409
64 512
64 1193
64 812
64 3024
64 782
64 1717
64 1307
