1 2319
1 1410
1 397
1 1046
1 2340
1 1591
1 1680
1 2317
1 3069
1 1572
2 1046
2 397
2 597
2 1867
2 1014
2 492
2 435
2 1623
2 1397
2 531
3 1304
3 1134
3 3115
3 1988
3 265
3 1350
3 799
3 1223
3 661
3 1611
4 2939
4 2377
4 1135
4 3128
4 3043
4 3049
4 2931
4 2870
4 3103
4 2844
5 2321
5 1829
5 3011
5 2035
5 2629
5 1238
5 2692
5 3147
5 1923
5 1409
6 2826
6 1543
6 2828
6 695
6 438
6 1867
6 1014
6 492
6 435
6 1623
7 3043
7 2949
7 3128
7 616
7 2376
7 2740
7 1623
7 3148
7 1397
7 2912
8 2625
8 2500
8 1869
8 3032
8 2499
8 2776
8 2541
8 2951
8 2194
8 40
9 2849
9 3068
9 2372
9 2776
9 1685
9 2198
9 2870
9 1695
9 3043
9 3158
10 2851
10 2714
10 2342
10 1366
10 1098
10 1262
10 1601
10 1468
10 2316
10 1811
11 2699
11 2923
11 3077
11 2815
11 2956
11 2198
11 3150
11 2208
11 2316
11 3080
12 3127
12 1930
12 2246
12 3196
12 3068
12 2319
12 1462
12 2198
12 1591
12 1680
13 2344
13 2897
13 1362
13 48
13 1947
13 2929
13 3080
13 1901
13 2253
13 1564
14 3087
14 2181
14 2876
14 2289
14 3011
14 2931
14 2816
14 2674
14 1724
14 3131
15 2344
15 2835
15 3125
15 2923
15 1231
15 1947
15 1807
15 2611
15 2464
15 2195
16 2217
16 2438
16 243
16 3021
16 3141
16 1003
16 3049
16 1846
16 3074
16 2377
17 1223
17 1134
17 2897
17 3115
17 1658
17 1676
17 1362
17 48
17 1947
17 1154
18 1811
18 2897
18 1826
18 2138
18 1988
18 2266
18 1665
18 670
18 243
18 3048
19 2714
19 2342
19 2851
19 1601
19 1468
19 1262
19 1811
19 2692
19 950
19 2289
20 2695
20 2986
20 2631
20 1563
20 2232
20 2524
20 2769
20 2905
20 1457
20 2167
21 2702
21 2216
21 1491
21 1650
21 2927
21 1309
21 2454
21 2325
21 2931
21 3018
22 2751
22 2369
22 1915
22 2827
22 2692
22 2913
22 2845
22 2367
22 2924
22 2637
23 3148
23 2849
23 3082
23 3043
23 2276
23 2406
23 2216
23 2709
23 3011
23 1525
24 1696
24 1194
24 1410
24 1235
24 268
24 2882
24 1540
24 2742
24 2767
24 1435
25 1653
25 3048
25 2344
25 2990
25 2542
25 1938
25 2198
25 1205
25 2812
25 1620
26 2939
26 2938
26 2716
26 2870
26 2377
26 2626
26 2844
26 2742
26 2632
26 2541
27 3011
27 2198
27 2406
27 1001
27 2502
27 1404
27 1456
27 2319
27 2669
27 2740
28 2849
28 3032
28 2890
28 2949
28 2776
28 1695
28 1685
28 2197
28 1181
28 1261
29 2644
29 2420
29 2200
29 2232
29 1385
29 3021
29 2631
29 2229
29 1933
29 1697
30 1926
30 2786
30 397
30 1046
30 1256
30 2198
30 274
30 1098
30 1856
30 2882
31 3047
31 3015
31 533
31 1686
31 2283
31 2826
31 1327
31 1891
31 2125
31 1741
32 1145
32 3018
32 2289
32 1961
32 2177
32 3139
32 1839
32 2883
32 1847
32 2484
33 1501
33 2697
33 2805
33 397
33 2554
33 1046
33 1347
33 3153
33 2081
33 2106
36 1265
36 1350
36 2110
36 2030
36 2811
36 2061
36 2112
36 2739
36 1012
36 1527
37 2376
37 2265
37 2956
37 2651
37 243
37 2233
37 3021
37 2537
37 2632
37 2033
38 2082
38 2247
38 670
38 1625
38 3087
38 3103
38 1717
38 2233
38 2941
38 2867
39 2940
39 2082
39 1902
39 3103
39 2651
39 2684
39 1861
39 1614
39 2406
39 2317
40 2651
40 2939
40 2940
40 1098
40 397
40 1046
40 2317
40 696
40 2265
40 3071
42 2215
42 462
42 2402
42 2494
42 2232
42 1653
42 2991
42 1527
42 2789
42 2641
43 2569
43 3107
43 2341
43 2754
43 2847
43 3098
43 3046
43 3125
43 2455
43 2883
44 2829
44 2523
44 2125
44 2751
44 2771
44 2325
44 2754
44 2019
44 1002
44 1653
45 2816
45 1976
45 2957
45 2978
45 2860
45 2928
45 2979
45 2424
45 2964
45 2193
48 2850
48 2968
48 2624
48 1651
48 1135
48 2310
48 2142
48 47
48 1722
48 1612
49 2390
49 2198
49 2795
49 2307
49 2882
49 3134
49 2318
49 1945
49 68
49 2163
57 3077
57 1905
57 3140
57 1764
57 3160
57 1409
57 3175
57 3060
57 1700
57 2470
58 1344
58 1398
58 1946
58 3049
58 2634
58 1366
58 1631
58 1171
58 1637
58 1695
59 1665
59 2111
59 1235
59 3041
59 1456
59 1855
59 2688
59 144
59 2905
59 2795
60 2593
60 2967
60 3087
60 2816
60 2876
60 3142
60 1366
60 2957
60 1532
60 2198
61 2746
61 1287
61 2631
61 2451
61 3134
61 2882
61 3077
61 1046
61 397
61 2494
62 1961
62 1266
62 2258
62 1725
62 1856
62 2931
62 2216
62 320
62 2720
62 2326
63 2289
63 2896
63 2884
63 2851
63 2679
63 1601
63 1468
63 2767
63 1262
63 3166
64 2651
64 1307
64 1717
64 397
64 1046
64 1588
64 527
64 2723
64 3112
64 2144
