1 1938
1 1657
1 2629
1 1752
1 1519
1 1827
1 3127
1 2219
1 1544
1 1523
2 2434
2 597
2 2863
2 3078
2 1046
2 1867
2 397
2 1014
2 492
2 435
3 1304
3 929
3 1007
3 2897
3 2423
3 2551
3 100
3 1976
3 51
3 3144
4 2939
4 3043
4 2377
4 2844
4 3073
4 2376
4 2742
4 2342
4 3128
4 1135
5 2534
5 2522
5 1053
5 2820
5 1829
5 1742
5 3030
5 251
5 3011
5 2035
6 2826
6 1543
6 2828
6 438
6 695
6 1867
6 1014
6 492
6 2721
6 435
7 3043
7 2949
7 270
7 1353
7 2912
7 3128
7 3140
7 2306
7 1873
7 1122
8 2625
8 1869
8 615
8 492
8 2860
8 2830
8 2858
8 332
8 912
8 2371
9 2849
9 3068
9 2372
9 2198
9 1462
9 2840
9 1032
9 2578
9 3137
9 1461
10 3075
10 1795
10 2714
10 141
10 2685
10 3150
10 1158
10 392
10 2342
10 2851
11 2699
11 2923
11 2906
11 2956
11 2815
11 2527
11 3148
11 2717
11 1043
11 3171
12 3127
12 1462
12 3068
12 2867
12 2246
12 1930
12 2840
12 2319
12 1461
12 1247
13 1947
13 1231
13 1807
13 2835
13 1997
13 195
13 3125
13 2645
13 164
13 2344
14 3132
14 2263
14 2957
14 2227
14 307
14 3087
14 2976
14 853
14 2146
14 3131
15 1231
15 2835
15 3125
15 1947
15 1807
15 2611
15 2344
15 2464
15 2195
15 1223
16 2740
16 2378
16 1462
16 2840
16 1461
16 2867
16 1959
16 3068
16 3119
16 1247
17 1947
17 1757
17 1223
17 1231
17 1807
17 2835
17 195
17 3125
17 2611
17 2344
18 1811
18 2714
18 2266
18 2897
18 3110
18 249
18 303
18 1425
18 1795
18 2138
19 3075
19 1158
19 2714
19 141
19 2685
19 392
19 2342
19 2851
19 1811
19 1795
20 2986
20 2695
20 2490
20 1504
20 1563
20 2631
20 2769
20 3176
20 2524
20 2506
21 2702
21 1650
21 3086
21 2454
21 2435
21 2932
21 2325
21 2337
21 3007
21 895
22 1915
22 2369
22 2924
22 2637
22 2638
22 2441
22 2564
22 2473
22 2384
22 2751
23 3148
23 2849
23 3082
23 2578
23 2816
23 3137
23 3043
23 1780
23 88
23 849
24 1696
24 1235
24 268
24 3073
24 2376
24 2882
24 20
24 412
24 2342
24 2844
25 2318
25 1653
25 3136
25 3048
25 2344
25 3089
25 436
25 2198
25 1341
25 1267
26 2840
26 2939
26 1462
26 1461
26 2867
26 2578
26 3068
26 1247
26 2844
26 618
27 2198
27 2988
27 1752
27 1462
27 2840
27 1461
27 1959
27 2867
27 3068
27 2262
28 2849
28 2949
28 2890
28 3032
28 757
28 828
28 1890
28 517
28 3158
28 2614
29 2089
29 2462
29 1537
29 1538
29 1840
29 2770
29 1841
29 1539
29 197
29 2087
30 2198
30 2631
30 1256
30 2955
30 1012
30 2684
30 1462
30 1341
30 1781
30 2690
31 3015
31 1686
31 3047
31 533
31 1144
31 1796
31 1952
31 1424
31 2370
31 1660
32 3139
32 1961
32 2490
32 2619
32 1504
32 1839
32 2177
32 2461
32 2161
32 1481
33 2805
33 1809
33 1104
33 2605
33 1501
33 1636
33 2697
33 1782
33 1662
33 2335
36 2110
36 1265
36 1350
36 2030
36 1131
36 2476
36 2811
36 1768
36 1737
36 2084
37 2265
37 2651
37 1143
37 2341
37 2937
37 676
37 2376
37 2956
37 618
37 990
38 2958
38 2651
38 3031
38 2082
38 2956
38 1143
38 2341
38 2941
38 2705
38 2937
39 2940
39 2956
39 2958
39 3031
39 2425
39 724
39 3185
39 1861
39 1902
39 2180
40 2651
40 1098
40 2956
40 1641
40 1142
40 990
40 3150
40 627
40 793
40 2705
42 462
42 2215
42 2402
42 1653
42 204
42 2370
42 2318
42 633
42 2811
42 3048
43 2569
43 3107
43 2754
43 2847
43 2341
43 3098
43 3046
43 3125
43 2455
43 2883
44 2829
44 2523
44 1809
44 464
44 525
44 2494
44 2325
44 3078
44 1686
44 2812
45 2816
45 2318
45 3012
45 2424
45 3137
45 1271
45 2319
45 2452
45 2957
45 3082
48 2325
48 3064
48 1171
48 1205
48 1658
48 3136
48 2226
48 1809
48 1504
48 2850
49 651
49 1032
49 2198
49 1959
49 239
49 652
49 3137
49 2372
49 2561
49 2407
57 3077
57 3140
57 3008
57 1905
57 1183
57 233
57 3122
57 1119
57 134
57 1007
58 1344
58 2634
58 1474
58 1252
58 1619
58 382
58 69
58 2825
58 1698
58 50
59 1681
59 1441
59 1359
59 1888
59 653
59 137
59 1456
59 1049
59 292
59 1457
60 2593
60 2967
60 3087
60 1532
60 2198
60 2716
60 2876
60 2882
60 618
60 2817
61 2711
61 1287
61 239
61 2746
61 1830
61 1683
61 3134
61 2451
61 2516
61 2070
62 2932
62 1961
62 1266
62 2702
62 2337
62 3007
62 2258
62 1368
62 1420
62 2076
63 3075
63 1795
63 3061
63 1411
63 2714
63 141
63 2685
63 1158
63 2342
63 2851
64 2651
64 228
64 409
64 512
64 1193
64 812
64 3024
64 782
64 624
64 1717
